[gd_scene load_steps=6 format=2]

[ext_resource path="res://Tiles/Textures/Spikes_.png" type="Texture" id=1]

[sub_resource type="CubeMesh" id=1]
size = Vector3( 0.5, 0.1, 1 )

[sub_resource type="SpatialMaterial" id=2]
albedo_texture = ExtResource( 1 )

[sub_resource type="SpatialMaterial" id=3]
albedo_color = Color( 0.490196, 0.490196, 0.490196, 1 )

[sub_resource type="BoxShape" id=4]
extents = Vector3( 0.22, 0.22, 0.47 )

[node name="Spikes" type="Spatial"]

[node name="Spikes" type="MeshInstance" parent="."]
transform = Transform( 1, 0, 0, 0, 1, 0, 0, 0, 1, 0, 0.05, 0 )
mesh = SubResource( 1 )
material/0 = SubResource( 2 )

[node name="SpikeGroup" type="Spatial" parent="Spikes"]
transform = Transform( 1, 0, 0, 0, 1, 0, 0, 0, 1, 0, 0, -0.25 )

[node name="Spike" type="CSGCylinder" parent="Spikes/SpikeGroup"]
transform = Transform( 0.707107, 0, 0.707107, 0, 1, 0, -0.707107, 0, 0.707107, -0.125, 0.25, -0.125 )
radius = 0.141
height = 0.4
sides = 4
cone = true
smooth_faces = false
material = SubResource( 3 )

[node name="Spike2" type="CSGCylinder" parent="Spikes/SpikeGroup"]
transform = Transform( 0.707107, 0, 0.707107, 0, 1, 0, -0.707107, 0, 0.707107, 0.125, 0.25, -0.125 )
radius = 0.141
height = 0.4
sides = 4
cone = true
smooth_faces = false
material = SubResource( 3 )

[node name="Spike3" type="CSGCylinder" parent="Spikes/SpikeGroup"]
transform = Transform( 0.707107, 0, 0.707107, 0, 1, 0, -0.707107, 0, 0.707107, -0.125, 0.25, 0.125 )
radius = 0.141
height = 0.4
sides = 4
cone = true
smooth_faces = false
material = SubResource( 3 )

[node name="Spike4" type="CSGCylinder" parent="Spikes/SpikeGroup"]
transform = Transform( 0.707107, 0, 0.707107, 0, 1, 0, -0.707107, 0, 0.707107, 0.125, 0.25, 0.125 )
radius = 0.141
height = 0.4
sides = 4
cone = true
smooth_faces = false
material = SubResource( 3 )

[node name="SpikeGroup2" type="Spatial" parent="Spikes"]
transform = Transform( 1, 0, 0, 0, 1, 0, 0, 0, 1, 0, 0, 0.25 )

[node name="Spike" type="CSGCylinder" parent="Spikes/SpikeGroup2"]
transform = Transform( 0.707107, 0, 0.707107, 0, 1, 0, -0.707107, 0, 0.707107, -0.125, 0.25, -0.125 )
radius = 0.141
height = 0.4
sides = 4
cone = true
smooth_faces = false
material = SubResource( 3 )

[node name="Spike2" type="CSGCylinder" parent="Spikes/SpikeGroup2"]
transform = Transform( 0.707107, 0, 0.707107, 0, 1, 0, -0.707107, 0, 0.707107, 0.125, 0.25, -0.125 )
radius = 0.141
height = 0.4
sides = 4
cone = true
smooth_faces = false
material = SubResource( 3 )

[node name="Spike3" type="CSGCylinder" parent="Spikes/SpikeGroup2"]
transform = Transform( 0.707107, 0, 0.707107, 0, 1, 0, -0.707107, 0, 0.707107, -0.125, 0.25, 0.125 )
radius = 0.141
height = 0.4
sides = 4
cone = true
smooth_faces = false
material = SubResource( 3 )

[node name="Spike4" type="CSGCylinder" parent="Spikes/SpikeGroup2"]
transform = Transform( 0.707107, 0, 0.707107, 0, 1, 0, -0.707107, 0, 0.707107, 0.125, 0.25, 0.125 )
radius = 0.141
height = 0.4
sides = 4
cone = true
smooth_faces = false
material = SubResource( 3 )

[node name="StaticBody" type="StaticBody" parent="Spikes"]
collision_layer = 2
collision_mask = 0

[node name="CollisionShape" type="CollisionShape" parent="Spikes/StaticBody"]
transform = Transform( 1, 0, 0, 0, 1, 0, 0, 0, 1, 0, 0.22, 0 )
shape = SubResource( 4 )
